rank_biased_overlap_mean: 0.14476181560428572 
rank_topk_kendall_mean: 0.4945454545454546