rank_biased_overlap_mean: 0.10372177423526785
rank_topk_kendall_mean: 0.4965277777777778